IS = 3.47039428571e-13
N = 1.54627390226
RS = 44.7931929778