IS = 1.87999292971e-08
N = 1.98955246549
RS = 0.0286000016603