IS = 2.6686576865e-09
N = 1.84032982147
RS = 0.621963051652