IS = 1.69835345457e-07
N = 1.90496226339
RS = 3.00190154168