IS = 1.08604488692e-22
N = 1.61320557884
RS = 10.2059717466