IS = 1.23724355237e-09
N = 1.22536466241
RS = 0.356659025571