IS = 3.17160791278e-19
N = 1.95199369546
RS = 2.24242494499