IS = 1.40807988505e-21
N = 1.54819758436
RS = 8.72581732193