IS = 8.93220417991e-28
N = 1.77013805433
RS = 3.56935708306